R_e = 6378;
h = 600;
r = R_e + h;
v = 3.5; % dot(r)
mu = 398600;


